Well Name               : F02-1
UWI                     : Unknown
Kelly Bushing Elevation : 30 m
Surface Elevation       : 0 m
X : 606554.000000 m  Y : 6080126.000000 m
First Sample at         : 0.000000 ms
Last Sample at          : 3264.000000 ms
Sample Rate             : 4.000000 ms
Number of Samples       : 817

Column 1 : Time ms
Column 2 : Check Shot (Check Shot) - Units : ms (Two Way time)
Column 3 : P-Impedance (P-Impedance) - Units : (m/s)*(g/cc)
Column 4 : Computed Impedance (P-Impedance) - Units : (m/s)*(kg/m3)
Column 5 : Computed Reflectivity (P-Reflectivity) - Units : unitless
    0.0000       -999.2500       -999.2500       -999.2500       -999.2500
    4.0000          0.0031       -999.2500       -999.2500       -999.2500
    8.0000          0.0070       -999.2500       -999.2500       -999.2500
   12.0000          0.0109       -999.2500       -999.2500       -999.2500
   16.0000          0.0148       -999.2500       -999.2500       -999.2500
   20.0000          0.0187      3820264.2500      3814546.7500          0.0000
   24.0000          0.0226      3821083.7500      3815814.2500          0.0000
   28.0000          0.0265      3822454.2500      3817248.7500          0.0000
   32.0000          0.0304      3823827.0000      3818684.5000          0.0000
   36.0000          0.0343      3825200.5000      3820120.5000          0.0000
   40.0000          0.0382      3826575.7500      3821559.0000          0.0000
   44.0000          0.0421      3827952.5000      3822997.2500          0.0000
   48.0000          0.0460      3829330.5000      3824437.0000          0.0000
   52.0000          0.0499      3830710.2500      3825878.2500          0.0000
   56.0000          0.0538      3832091.5000      3827320.0000          0.0000
   60.0000          0.0577      3833473.7500      3828763.2500          0.0000
   64.0000          0.0616      3834858.7500      3830207.5000          0.0000
   68.0000          0.0655      3836244.0000      3831652.7500          0.0000
   72.0000          0.0694      3837631.5000      3833099.0000          0.0000
   76.0000          0.0733      3839020.0000      3834546.5000          0.0000
   80.0000          0.0772      3840410.0000      3835995.0000          0.0000
   84.0000          0.0811      3841802.0000      3837444.5000          0.0000
   88.0000          0.0850      3843194.2500      3838896.0000          0.0000
   92.0000          0.0889      3844590.0000      3840347.2500          0.0000
   96.0000          0.0928      3845986.0000      3841800.0000          0.0000
  100.0000          0.0967      3847383.5000      3843254.7500          0.0000
  104.0000          0.1006      3848783.5000      3844709.0000          0.0000
  108.0000          0.1046      3850183.7500      3846165.7500          0.0000
  112.0000          0.1085      3851586.5000      3847623.2500          0.0000
  116.0000          0.1124      3852990.2500      3849081.5000          0.0000
  120.0000          0.1163      3854395.0000      3850540.7500          0.0000
  124.0000          0.1202      3855802.7500      3852002.0000          0.0000
  128.0000          0.1241      3857211.0000      3853463.5000          0.0000
  132.0000          0.1280      3858621.0000      3854926.2500          0.0000
  136.0000          0.1319      3860032.7500      3856391.0000          0.0000
  140.0000          0.1358      3861446.0000      3857855.2500          0.0000
  144.0000          0.1397      3862860.7500      3859321.5000          0.0000
  148.0000          0.1436      3864276.5000      3860789.5000          0.0000
  152.0000          0.1475      3865694.7500      3862257.2500          0.0000
  156.0000          0.1514      3867114.0000      3863727.2500          0.0000
  160.0000          0.1553      3868534.7500      3865198.0000          0.0000
  164.0000          0.1592      3869957.5000      3866670.0000          0.0000
  168.0000          0.1631      3871381.2500      3868142.5000          0.0000
  172.0000          0.1670      3872807.7500      3869617.0000          0.0000
  176.0000          0.1709      3874234.5000      3871091.7500          0.0000
  180.0000          0.1748      3875663.2500      3872567.7500          0.0000
  184.0000          0.1787      3877093.5000      3874046.0000          0.0000
  188.0000          0.1826      3878525.5000      3875524.0000          0.0000
  192.0000          0.1865      3879959.5000      3877003.7500          0.0000
  196.0000          0.1904      3881394.2500      3878485.0000          0.0000
  200.0000          0.1943      3882831.2500      3879966.5000          0.0000
  204.0000          0.1982      3884269.5000      3881449.5000          0.0000
  208.0000          0.2021      3885709.2500      3882934.0000          0.0000
  212.0000          0.2060      3887151.0000      3884419.2500          0.0000
  216.0000          0.2099      3888594.0000      3885905.5000          0.0000
  220.0000          0.2138      3890039.0000      3887393.5000          0.0000
  224.0000          0.2177      3891485.5000      3888882.2500          0.0000
  228.0000          0.2216      3892933.2500      3890371.5000          0.0000
  232.0000          0.2255      3894383.2500      3891863.5000         -0.0001
  236.0000          0.2294      3895834.0000      3791502.7500         -0.0049
  240.0000          0.2333      3897287.2500      2755160.5000         -0.0004
  244.0000          0.2372      3892315.5000      3019905.0000         -0.0003
  248.0000          0.2411      3157153.7500      2725267.7500         -0.0013
  252.0000          0.2450      2915286.7500      2813452.0000          0.0023
  256.0000          0.2489      2882758.0000      2872647.7500         -0.0008
  260.0000          0.2528      2699786.5000      2904219.7500          0.0016
  264.0000          0.2567      2881310.0000      2883999.7500         -0.0015
  268.0000          0.2606      2880565.5000      2976539.2500         -0.0003
  272.0000          0.2645      2964097.0000      3074511.7500          0.0010
  276.0000          0.2684      2942619.0000      3037646.5000          0.0022
  280.0000          0.2723      2872020.2500      3386831.5000         -0.0027
  284.0000          0.2762      3112192.2500      3205996.7500         -0.0010
  288.0000          0.2801      3182561.2500      2895957.0000          0.0011
  292.0000          0.2840      3252147.5000      2949912.2500         -0.0001
  296.0000          0.2879      3179683.7500      2798493.2500         -0.0004
  300.0000          0.2918      2927112.2500      2708410.0000         -0.0012
  304.0000          0.2957      2951668.5000      2672583.5000         -0.0009
  308.0000          0.2996      2788080.5000      2644401.0000          0.0003
  312.0000          0.3035      2700961.7500      2669132.5000          0.0029
  316.0000          0.3074      2681492.0000      2981987.7500         -0.0006
  320.0000          0.3113      2640948.5000      2953386.7500         -0.0003
  324.0000          0.3152      2631216.2500      3212363.5000          0.0031
  328.0000          0.3191      2877319.5000      3318245.5000         -0.0009
  332.0000          0.3230      2990697.0000      3510938.7500         -0.0034
  336.0000          0.3269      3006611.0000      2803785.2500          0.0009
  340.0000          0.3308      3449181.0000      3015843.5000          0.0008
  344.0000          0.3347      3478774.0000      2841398.7500         -0.0031
  348.0000          0.3386      2907431.7500      2674923.0000          0.0011
  352.0000          0.3425      2950997.0000      2605072.5000         -0.0009
  356.0000          0.3464      2960599.0000      2559411.0000         -0.0007
  360.0000          0.3503      2696201.5000      2587777.0000          0.0014
  364.0000          0.3542      2675673.5000      2621785.5000         -0.0005
  368.0000          0.3581      2571410.7500      2693784.5000          0.0018
  372.0000          0.3620      2547700.7500      2724296.7500         -0.0017
  376.0000          0.3659      2606335.0000      2746482.0000          0.0014
  380.0000          0.3698      2629811.0000      2782593.0000         -0.0009
  384.0000          0.3737      2739832.2500      2646337.5000         -0.0006
  388.0000          0.3776      2670698.5000      2672862.2500          0.0006
  392.0000          0.3815      2779509.0000      2956665.2500          0.0014
  396.0000          0.3854      2775248.5000      3020091.5000          0.0052
  400.0000          0.3893      2638587.5000      3678756.0000         -0.0039
  404.0000          0.3932      2676453.7500      3188493.0000          0.0004
  408.0000          0.3971      2962723.5000      2929782.0000         -0.0037
  412.0000          0.4010      3043056.2500      2596973.5000         -0.0001
  416.0000          0.4049      3669155.7500      2733492.5000          0.0004
  420.0000          0.4088      3190492.2500      2986270.7500          0.0018
  424.0000          0.4127      2927541.7500      3387050.2500          0.0043
  428.0000          0.4166      2597001.5000      3220761.2500         -0.0043
  432.0000          0.4205      2738647.2500      3599592.7500          0.0029
  436.0000          0.4244      2931420.5000      3177157.5000         -0.0009
  440.0000          0.4283      3267862.5000      2362126.5000         -0.0082
  444.0000          0.4322      3379087.2500      2061994.8750         -0.0004
  448.0000          0.4361      3457139.5000      2065924.0000          0.0003
  452.0000          0.4400      3234399.0000      2315420.0000          0.0034
  456.0000          0.4439      2816712.2500      2184388.0000         -0.0031
  460.0000          0.4479      2126042.2500      2129910.7500          0.0009
  464.0000          0.4518      2051220.3750      2157783.2500         -0.0011
  468.0000          0.4557      2068558.0000      2270254.0000          0.0013
  472.0000          0.4596      2171966.5000      2230504.5000         -0.0005
  476.0000          0.4635      2381428.2500      2642123.2500          0.0043
  480.0000          0.4674      2094181.6250      2799518.2500         -0.0005
  484.0000          0.4713      2134789.2500      2539381.5000         -0.0030
  488.0000          0.4752      2183341.7500      2172671.2500         -0.0010
  492.0000          0.4791      2139504.7500      2248124.5000          0.0012
  496.0000          0.4830      2305839.0000      2142775.0000         -0.0022
  500.0000          0.4869      2230752.7500      2056828.7500          0.0001
  504.0000          0.4908      2749092.7500      2209974.2500          0.0054
  508.0000          0.4947      2793786.2500      2811892.5000          0.0011
  512.0000          0.4986      2534475.0000      3158924.2500          0.0032
  516.0000          0.5025      2180459.5000      3558351.5000         -0.0004
  520.0000          0.5064      2166697.0000      3680938.5000          0.0019
  524.0000          0.5103      2275207.2500      4064693.2500          0.0017
  528.0000          0.5142      2092626.8750      3952152.2500          0.0003
  532.0000          0.5181      2055300.5000      3962329.2500         -0.0017
  536.0000          0.5220      2080665.3750      3896238.5000          0.0015
  540.0000          0.5259      2706583.2500      4003101.2500         -0.0016
  544.0000          0.5298      2875439.7500      3935056.7500          0.0005
  548.0000          0.5337      3377941.0000      3943177.5000          0.0003
  552.0000          0.5376      3572524.2500      3970850.5000          0.0007
  556.0000          0.5415      3792209.0000      4097116.0000          0.0000
  560.0000          0.5454      4108381.5000      3957593.0000         -0.0008
  564.0000          0.5493      3971811.7500      3859570.7500         -0.0024
  568.0000          0.5532      3912318.7500      3382560.7500         -0.0014
  572.0000          0.5572      3908716.0000      3481775.7500          0.0023
  576.0000          0.5611      3970942.7500      3933985.2500         -0.0027
  580.0000          0.5650      3944113.0000      3790351.0000          0.0046
  584.0000          0.5689      3945060.2500      3675249.7500         -0.0012
  588.0000          0.5728      3965637.2500      2992592.7500         -0.0044
  592.0000          0.5768      4093956.5000      3012185.2500          0.0021
  596.0000          0.5807      3971294.0000      3348735.0000         -0.0032
  600.0000          0.5846      3895134.2500      3513483.2500          0.0037
  604.0000          0.5885      3465373.7500      3772956.0000          0.0012
  608.0000          0.5925      3337408.0000      3704302.2500         -0.0003
  612.0000          0.5964      3892980.0000      3756140.2500          0.0013
  616.0000          0.6003      3625780.7500      4146889.5000          0.0014
  620.0000          0.6042      3994159.2500      4102608.7500         -0.0014
  624.0000          0.6080      3648514.5000      3946650.7500          0.0006
  628.0000          0.6114      3093487.5000      3990422.5000          0.0001
  632.0000          0.6149      2931192.7500      3999652.5000         -0.0005
  636.0000          0.6183      2937634.7500      4073998.5000          0.0014
  640.0000          0.6218      3399720.0000      4168918.2500         -0.0013
  644.0000          0.6252      3399325.2500      3917972.0000          0.0006
  648.0000          0.6287      3746260.2500      3957344.0000         -0.0010
  652.0000          0.6321      3738678.2500      3998460.5000          0.0007
  656.0000          0.6355      4163004.2500      4008032.0000         -0.0000
  660.0000          0.6390      4144299.5000      4198128.5000          0.0010
  664.0000          0.6424      3920119.7500      3709949.5000         -0.0032
  668.0000          0.6459      3953735.7500      3579189.2500         -0.0005
  672.0000          0.6493      4021191.0000      3961016.5000          0.0021
  676.0000          0.6527      4013088.2500      4224003.0000          0.0023
  680.0000          0.6562      4025129.0000      4380612.0000         -0.0001
  684.0000          0.6596      4177883.0000      4407191.0000          0.0002
  688.0000          0.6631      3991664.0000      4382831.0000         -0.0003
  692.0000          0.6665      3979476.5000      4363687.5000          0.0000
  696.0000          0.6699      3932394.2500      4370365.5000         -0.0001
  700.0000          0.6734      4001811.0000      4392176.0000         -0.0000
  704.0000          0.6775      4011911.2500      4363137.5000          0.0001
  708.0000          0.6823      4136685.2500      4379273.5000          0.0003
  712.0000          0.6870      3861026.2500      4413701.0000         -0.0001
  716.0000          0.6918      3581352.5000      4424437.0000          0.0002
  720.0000          0.6966      3915672.5000      4432452.5000          0.0001
  724.0000          0.7013      4241796.5000      4489912.5000          0.0007
  728.0000          0.7061      4372586.0000      4560381.0000         -0.0002
  732.0000          0.7108      4415238.5000      4794139.0000          0.0024
  736.0000          0.7157      4368759.5000      5035624.0000         -0.0011
  740.0000          0.7207      4363079.0000      4792653.5000          0.0000
  744.0000          0.7257      4382110.5000      4847245.0000         -0.0002
  748.0000          0.7307      4376469.0000      4786736.0000         -0.0008
  752.0000          0.7356      4377055.0000      4705121.0000          0.0015
  756.0000          0.7406      4412163.0000      5205623.0000          0.0005
  760.0000          0.7456      4429981.0000      5100493.0000         -0.0003
  764.0000          0.7500      4434931.5000      4968706.5000         -0.0006
  768.0000          0.7540      4508788.5000      4943871.5000         -0.0019
  772.0000          0.7579      4555816.5000      4848130.0000          0.0032
  776.0000          0.7619      4819460.0000      4964823.5000         -0.0011
  780.0000          0.7658      5045249.5000      4662345.5000          0.0001
  784.0000          0.7698      4814448.0000      5091247.0000          0.0006
  788.0000          0.7737      4752571.5000      5233601.0000          0.0003
  792.0000          0.7776      4882301.0000      5296505.0000         -0.0003
  796.0000          0.7816      4753103.5000      5141701.0000          0.0002
  800.0000          0.7855      4869017.0000      5089982.5000         -0.0018
  804.0000          0.7895      5171730.5000      5011110.5000          0.0009
  808.0000          0.7934      4983917.0000      4990762.5000         -0.0000
  812.0000          0.7976      4823808.5000      4985347.0000          0.0004
  816.0000          0.8018      4972408.5000      5068126.0000          0.0000
  820.0000          0.8060      4867628.5000      4983097.5000         -0.0007
  824.0000          0.8102      5255773.0000      4894537.0000         -0.0001
  828.0000          0.8143      5091225.5000      4905922.0000         -0.0002
  832.0000          0.8185      5003472.5000      4830395.0000          0.0001
  836.0000          0.8227      5005021.5000      4702126.5000         -0.0002
  840.0000          0.8269      5058587.5000      4756419.5000         -0.0006
  844.0000          0.8311      4952020.5000      4844869.5000          0.0004
  848.0000          0.8353      4895277.0000      4791191.0000          0.0004
  852.0000          0.8395      4903155.0000      4847879.5000         -0.0007
  856.0000          0.8437      4861865.5000      4750913.5000          0.0007
  860.0000          0.8478      4834198.5000      4831941.0000         -0.0005
  864.0000          0.8520      4698266.5000      4589064.5000         -0.0003
  868.0000          0.8562      4743037.5000      4745084.0000          0.0003
  872.0000          0.8604      4748946.5000      4765506.0000          0.0006
  876.0000          0.8646      4845353.5000      4792331.0000         -0.0008
  880.0000          0.8688      4795066.0000      4783904.0000          0.0006
  884.0000          0.8730      4870823.0000      4829911.0000         -0.0003
  888.0000          0.8772      4710867.5000      4828138.0000         -0.0004
  892.0000          0.8813      4829247.0000      4696065.5000         -0.0006
  896.0000          0.8855      4830788.0000      4539231.5000         -0.0003
  900.0000          0.8897      4564823.0000      4665587.0000          0.0013
  904.0000          0.8939      4741617.5000      4895953.0000          0.0011
  908.0000          0.8981      4710226.0000      5053722.5000         -0.0003
  912.0000          0.9023      4807067.5000      5066438.0000          0.0009
  916.0000          0.9065      4776120.5000      5171906.5000         -0.0004
  920.0000          0.9107      4789491.5000      5206435.0000          0.0002
  924.0000          0.9149      4828240.5000      5178812.0000         -0.0001
  928.0000          0.9190      4841299.0000      5129810.5000          0.0001
  932.0000          0.9232      4750484.5000      5135907.0000         -0.0002
  936.0000          0.9274      4609250.0000      5134117.0000         -0.0003
  940.0000          0.9316      4539782.5000      5117054.0000         -0.0006
  944.0000          0.9364      4744214.0000      4962527.5000          0.0006
  948.0000          0.9413      4950665.0000      5119597.0000          0.0009
  952.0000          0.9462      5040912.5000      5311171.0000          0.0002
  956.0000          0.9512      5145220.0000      5350297.0000         -0.0001
  960.0000          0.9561      5191107.0000      5343192.5000         -0.0003
  964.0000          0.9610      5150413.5000      5353101.5000          0.0002
  968.0000          0.9659      5149035.5000      5366732.0000          0.0001
  972.0000          0.9708      5138109.5000      5406314.5000         -0.0004
  976.0000          0.9757      4987178.5000      5315848.0000          0.0006
  980.0000          0.9806      5122885.0000      5287307.0000         -0.0003
  984.0000          0.9855      5316483.5000      5264634.0000         -0.0011
  988.0000          0.9904      5340786.0000      5249291.0000          0.0002
  992.0000          0.9953      5360322.0000      5088870.5000         -0.0009
  996.0000          1.0002      5363695.0000      5082087.0000          0.0016
 1000.0000          1.0051      5395357.5000      5333620.0000          0.0008
 1004.0000          1.0100      5325043.0000      5389380.0000          0.0000
 1008.0000          1.0149      5276823.5000      5505844.0000          0.0002
 1012.0000          1.0198      5265665.0000      5569979.5000         -0.0003
 1016.0000          1.0247      5154044.0000      5341076.5000         -0.0023
 1020.0000          1.0296      5070168.5000      4935618.0000          0.0003
 1024.0000          1.0339      5238124.5000      5128470.0000          0.0025
 1028.0000          1.0380      5362262.0000      5804890.5000          0.0006
 1032.0000          1.0421      5513267.5000      5704296.0000         -0.0007
 1036.0000          1.0462      5530979.5000      5668983.0000         -0.0002
 1040.0000          1.0503      5157030.5000      5653765.0000          0.0003
 1044.0000          1.0543      4963693.5000      5702015.5000         -0.0001
 1048.0000          1.0584      5647133.0000      5368978.0000         -0.0015
 1052.0000          1.0622      5714123.5000      5361448.0000         -0.0003
 1056.0000          1.0659      5659081.5000      5265753.5000         -0.0003
 1060.0000          1.0695      5669803.0000      5400313.0000          0.0022
 1064.0000          1.0727      5682588.0000      5574487.5000         -0.0008
 1068.0000          1.0759      5269612.5000      5504639.0000          0.0009
 1072.0000          1.0791      5271333.0000      5674231.0000         -0.0000
 1076.0000          1.0823      5379951.0000      5550032.5000         -0.0021
 1080.0000          1.0856      5553298.5000      4878253.5000         -0.0007
 1084.0000          1.0892      5512122.5000      4859655.5000          0.0014
 1088.0000          1.0929      5648244.5000      4888902.0000         -0.0016
 1092.0000          1.0966      4966989.5000      4828003.0000         -0.0000
 1096.0000          1.1004      4945140.5000      4876647.0000          0.0005
 1100.0000          1.1041      4767943.5000      4843908.0000         -0.0006
 1104.0000          1.1078      4848403.5000      5348579.5000          0.0024
 1108.0000          1.1115      4871154.5000      5226931.5000         -0.0016
 1112.0000          1.1152      4874568.0000      5319034.0000          0.0007
 1116.0000          1.1206      5356560.0000      5301857.5000          0.0001
 1120.0000          1.1277      5287487.5000      5272656.5000         -0.0003
 1124.0000          1.1347      5305526.5000      5313373.0000          0.0009
 1128.0000          1.1417      5556817.0000      5398150.0000          0.0002
 1132.0000          1.1484      5462563.0000      5608788.5000          0.0008
 1136.0000          1.1544      4626948.0000      5652449.5000         -0.0005
 1140.0000          1.1604      4451985.0000      5633804.5000          0.0000
 1144.0000          1.1658      4399057.0000      5569855.5000         -0.0005
 1148.0000          1.1689      4249002.0000      5305525.0000         -0.0001
 1152.0000          1.1721      4362672.5000      5000392.0000         -0.0025
 1156.0000          1.1753      4401704.0000      4475186.0000         -0.0016
 1160.0000          1.1784      4320274.5000      4487180.5000         -0.0000
 1164.0000          1.1816      4296098.5000      4415845.5000          0.0003
 1168.0000          1.1848      4604725.0000      4397231.5000         -0.0004
 1172.0000          1.1879      4292969.5000      4288584.0000         -0.0008
 1176.0000          1.1911      4351487.0000      4219798.5000          0.0009
 1180.0000          1.1943      4383895.0000      4477625.0000          0.0001
 1184.0000          1.1974      4363607.0000      4369930.5000         -0.0009
 1188.0000          1.2006      4379216.0000      4277491.0000          0.0008
 1192.0000          1.2038      4505783.5000      4592645.5000         -0.0004
 1196.0000          1.2069      4568927.0000      4267747.5000          0.0005
 1200.0000          1.2101      4248267.5000      4388473.0000          0.0004
 1204.0000          1.2134      4316958.5000      4312107.0000         -0.0006
 1208.0000          1.2186      4295020.5000      4449190.0000          0.0003
 1212.0000          1.2238      4231040.5000      4695308.5000          0.0004
 1216.0000          1.2290      4218556.0000      4293692.0000         -0.0009
 1220.0000          1.2341      4462490.0000      4262465.0000          0.0008
 1224.0000          1.2393      4135746.0000      4353213.5000         -0.0006
 1228.0000          1.2437      3880509.5000      4292577.0000         -0.0002
 1232.0000          1.2473      3579267.7500      4214734.5000         -0.0005
 1236.0000          1.2510      3490376.2500      4207067.0000          0.0004
 1240.0000          1.2546      3749136.5000      4336572.0000          0.0004
 1244.0000          1.2582      3845587.0000      4583059.5000          0.0004
 1248.0000          1.2618      3942830.5000      4168116.2500         -0.0012
 1252.0000          1.2654      4298619.0000      4110880.2500          0.0003
 1256.0000          1.2690      4325048.5000      4101853.0000         -0.0038
 1260.0000          1.2726      4388949.5000      3478275.2500          0.0006
 1264.0000          1.2763      4471052.5000      3561310.0000          0.0015
 1268.0000          1.2799      4092349.5000      3514314.7500         -0.0019
 1272.0000          1.2835      4539247.5000      3614980.7500          0.0008
 1276.0000          1.2871      3950076.2500      3757489.2500          0.0000
 1280.0000          1.2907      3767261.7500      3875248.5000          0.0005
 1284.0000          1.2943      3898177.7500      3924555.0000          0.0001
 1288.0000          1.2979      3879243.5000      4295371.0000          0.0029
 1292.0000          1.3016      3631879.0000      4394023.5000          0.0015
 1296.0000          1.3052      3535441.2500      4242768.0000         -0.0007
 1300.0000          1.3088      3537921.5000      4277323.5000         -0.0026
 1304.0000          1.3124      3653991.7500      3804226.2500          0.0003
 1308.0000          1.3160      3577383.5000      3846682.7500         -0.0022
 1312.0000          1.3196      3620867.7500      3912813.5000          0.0004
 1316.0000          1.3232      3681918.5000      3620296.0000         -0.0003
 1320.0000          1.3269      3643350.2500      3518583.0000         -0.0008
 1324.0000          1.3305      3558660.2500      3613251.5000          0.0006
 1328.0000          1.3341      3621695.0000      3618316.0000          0.0004
 1332.0000          1.3377      4050048.7500      3628421.0000         -0.0005
 1336.0000          1.3413      4062868.2500      3663983.7500          0.0024
 1340.0000          1.3449      3762007.5000      4106789.2500         -0.0006
 1344.0000          1.3485      3643193.0000      3720061.5000         -0.0015
 1348.0000          1.3522      3992373.7500      3888889.0000          0.0015
 1352.0000          1.3558      3835688.5000      3812853.0000         -0.0016
 1356.0000          1.3594      3776306.7500      4053632.5000          0.0026
 1360.0000          1.3630      4008072.0000      4194251.2500          0.0007
 1364.0000          1.3666      4214186.5000      4456370.5000          0.0011
 1368.0000          1.3702      4126047.7500      4564314.5000          0.0002
 1372.0000          1.3738      4255395.0000      4705577.5000         -0.0009
 1376.0000          1.3775      4396490.5000      4407807.5000          0.0001
 1380.0000          1.3811      4545640.0000      4334841.0000         -0.0004
 1384.0000          1.3847      4618393.5000      4298221.0000         -0.0000
 1388.0000          1.3883      4654180.5000      4222521.5000         -0.0006
 1392.0000          1.3919      4397407.0000      4293071.0000          0.0002
 1396.0000          1.3955      4306135.0000      3960830.2500         -0.0015
 1400.0000          1.3991      4286923.0000      3934056.7500         -0.0011
 1404.0000          1.4028      4220569.5000      3700920.5000          0.0010
 1408.0000          1.4064      4280915.0000      3612283.7500         -0.0020
 1412.0000          1.4100      3900941.5000      3760639.5000          0.0012
 1416.0000          1.4136      3831719.2500      3646359.2500         -0.0017
 1420.0000          1.4172      3767092.5000      3630625.5000          0.0019
 1424.0000          1.4208      3561020.7500      3749845.0000         -0.0009
 1428.0000          1.4244      3776662.5000      3785695.7500          0.0015
 1432.0000          1.4280      3663390.2500      3687045.7500         -0.0000
 1436.0000          1.4317      3603991.7500      3767439.2500         -0.0011
 1440.0000          1.4353      3759542.0000      3783220.5000          0.0004
 1444.0000          1.4389      3749189.5000      3813132.5000          0.0005
 1448.0000          1.4425      3666885.2500      3916431.5000         -0.0000
 1452.0000          1.4461      3843172.2500      3871574.2500          0.0000
 1456.0000          1.4497      3720448.7500      4007697.5000          0.0002
 1460.0000          1.4533      3807167.5000      3867870.7500         -0.0008
 1464.0000          1.4570      3861343.2500      3744966.0000         -0.0017
 1468.0000          1.4606      3892553.2500      3315795.2500          0.0006
 1472.0000          1.4642      3893697.7500      3454867.7500         -0.0004
 1476.0000          1.4678      4004238.0000       -999.2500       -999.2500
 1480.0000          1.4714      3841496.2500       -999.2500       -999.2500
 1484.0000          1.4750      3724660.7500       -999.2500       -999.2500
 1488.0000          1.4786      3308576.0000       -999.2500       -999.2500
 1492.0000          1.4823      3456174.2500       -999.2500       -999.2500
 1496.0000          1.4859       -999.2500       -999.2500       -999.2500
 1500.0000          1.4895       -999.2500       -999.2500       -999.2500
 1504.0000          1.4931       -999.2500       -999.2500       -999.2500
 1508.0000          1.4967       -999.2500       -999.2500       -999.2500
 1512.0000          1.5003       -999.2500       -999.2500       -999.2500
 1516.0000          1.5039       -999.2500       -999.2500       -999.2500
 1520.0000          1.5076       -999.2500       -999.2500       -999.2500
 1524.0000          1.5112       -999.2500       -999.2500       -999.2500
 1528.0000          1.5148       -999.2500       -999.2500       -999.2500
 1532.0000          1.5184       -999.2500       -999.2500       -999.2500
 1536.0000          1.5220       -999.2500       -999.2500       -999.2500
 1540.0000          1.5256       -999.2500       -999.2500       -999.2500
 1544.0000          1.5292       -999.2500       -999.2500       -999.2500
 1548.0000          1.5329       -999.2500       -999.2500       -999.2500
 1552.0000          1.5365       -999.2500       -999.2500       -999.2500
 1556.0000          1.5401       -999.2500       -999.2500       -999.2500
 1560.0000          1.5437       -999.2500       -999.2500       -999.2500
 1564.0000          1.5473       -999.2500       -999.2500       -999.2500
 1568.0000          1.5509       -999.2500       -999.2500       -999.2500
 1572.0000          1.5545       -999.2500       -999.2500       -999.2500
 1576.0000          1.5582       -999.2500       -999.2500       -999.2500
 1580.0000          1.5618       -999.2500       -999.2500       -999.2500
 1584.0000          1.5654       -999.2500       -999.2500       -999.2500
 1588.0000          1.5690       -999.2500       -999.2500       -999.2500
 1592.0000          1.5726       -999.2500       -999.2500       -999.2500
 1596.0000          1.5762       -999.2500       -999.2500       -999.2500
 1600.0000          1.5798       -999.2500       -999.2500       -999.2500
 1604.0000          1.5835       -999.2500       -999.2500       -999.2500
 1608.0000          1.5871       -999.2500       -999.2500       -999.2500
 1612.0000          1.5907       -999.2500       -999.2500       -999.2500
 1616.0000          1.5943       -999.2500       -999.2500       -999.2500
 1620.0000          1.5979       -999.2500       -999.2500       -999.2500
 1624.0000          1.6015       -999.2500       -999.2500       -999.2500
 1628.0000          1.6051       -999.2500       -999.2500       -999.2500
 1632.0000          1.6088       -999.2500       -999.2500       -999.2500
 1636.0000          1.6124       -999.2500       -999.2500       -999.2500
 1640.0000          1.6160       -999.2500       -999.2500       -999.2500
 1644.0000          1.6196       -999.2500       -999.2500       -999.2500
 1648.0000          1.6232       -999.2500       -999.2500       -999.2500
 1652.0000          1.6268       -999.2500       -999.2500       -999.2500
 1656.0000          1.6304       -999.2500       -999.2500       -999.2500
 1660.0000          1.6341       -999.2500       -999.2500       -999.2500
 1664.0000          1.6377       -999.2500       -999.2500       -999.2500
 1668.0000          1.6413       -999.2500       -999.2500       -999.2500
 1672.0000          1.6449       -999.2500       -999.2500       -999.2500
 1676.0000          1.6485       -999.2500       -999.2500       -999.2500
 1680.0000          1.6521       -999.2500       -999.2500       -999.2500
 1684.0000          1.6557       -999.2500       -999.2500       -999.2500
 1688.0000          1.6594       -999.2500       -999.2500       -999.2500
 1692.0000          1.6630       -999.2500       -999.2500       -999.2500
 1696.0000          1.6666       -999.2500       -999.2500       -999.2500
 1700.0000          1.6702       -999.2500       -999.2500       -999.2500
 1704.0000          1.6742       -999.2500       -999.2500       -999.2500
 1708.0000          1.6782       -999.2500       -999.2500       -999.2500
 1712.0000          1.6823       -999.2500       -999.2500       -999.2500
 1716.0000          1.6863       -999.2500       -999.2500       -999.2500
 1720.0000          1.6903       -999.2500       -999.2500       -999.2500
 1724.0000          1.6943       -999.2500       -999.2500       -999.2500
 1728.0000          1.6983       -999.2500       -999.2500       -999.2500
 1732.0000          1.7023       -999.2500       -999.2500       -999.2500
 1736.0000          1.7064       -999.2500       -999.2500       -999.2500
 1740.0000          1.7104       -999.2500       -999.2500       -999.2500
 1744.0000          1.7144       -999.2500       -999.2500       -999.2500
 1748.0000          1.7184       -999.2500       -999.2500       -999.2500
 1752.0000          1.7224       -999.2500       -999.2500       -999.2500
 1756.0000          1.7264       -999.2500       -999.2500       -999.2500
 1760.0000          1.7305       -999.2500       -999.2500       -999.2500
 1764.0000          1.7345       -999.2500       -999.2500       -999.2500
 1768.0000          1.7385       -999.2500       -999.2500       -999.2500
 1772.0000          1.7425       -999.2500       -999.2500       -999.2500
 1776.0000          1.7465       -999.2500       -999.2500       -999.2500
 1780.0000          1.7505       -999.2500       -999.2500       -999.2500
 1784.0000          1.7545       -999.2500       -999.2500       -999.2500
 1788.0000          1.7586       -999.2500       -999.2500       -999.2500
 1792.0000          1.7626       -999.2500       -999.2500       -999.2500
 1796.0000          1.7666       -999.2500       -999.2500       -999.2500
 1800.0000          1.7706       -999.2500       -999.2500       -999.2500
 1804.0000          1.7746       -999.2500       -999.2500       -999.2500
 1808.0000          1.7786       -999.2500       -999.2500       -999.2500
 1812.0000          1.7827       -999.2500       -999.2500       -999.2500
 1816.0000          1.7867       -999.2500       -999.2500       -999.2500
 1820.0000          1.7907       -999.2500       -999.2500       -999.2500
 1824.0000          1.7947       -999.2500       -999.2500       -999.2500
 1828.0000          1.7987       -999.2500       -999.2500       -999.2500
 1832.0000          1.8027       -999.2500       -999.2500       -999.2500
 1836.0000          1.8068       -999.2500       -999.2500       -999.2500
 1840.0000          1.8108       -999.2500       -999.2500       -999.2500
 1844.0000          1.8148       -999.2500       -999.2500       -999.2500
 1848.0000          1.8188       -999.2500       -999.2500       -999.2500
 1852.0000          1.8228       -999.2500       -999.2500       -999.2500
 1856.0000          1.8268       -999.2500       -999.2500       -999.2500
 1860.0000          1.8308       -999.2500       -999.2500       -999.2500
 1864.0000          1.8349       -999.2500       -999.2500       -999.2500
 1868.0000          1.8389       -999.2500       -999.2500       -999.2500
 1872.0000          1.8429       -999.2500       -999.2500       -999.2500
 1876.0000          1.8469       -999.2500       -999.2500       -999.2500
 1880.0000          1.8509       -999.2500       -999.2500       -999.2500
 1884.0000          1.8549       -999.2500       -999.2500       -999.2500
 1888.0000          1.8590       -999.2500       -999.2500       -999.2500
 1892.0000          1.8630       -999.2500       -999.2500       -999.2500
 1896.0000          1.8670       -999.2500       -999.2500       -999.2500
 1900.0000          1.8710       -999.2500       -999.2500       -999.2500
 1904.0000          1.8750       -999.2500       -999.2500       -999.2500
 1908.0000          1.8790       -999.2500       -999.2500       -999.2500
 1912.0000          1.8830       -999.2500       -999.2500       -999.2500
 1916.0000          1.8870       -999.2500       -999.2500       -999.2500
 1920.0000          1.8910       -999.2500       -999.2500       -999.2500
 1924.0000          1.8950       -999.2500       -999.2500       -999.2500
 1928.0000          1.8990       -999.2500       -999.2500       -999.2500
 1932.0000          1.9030       -999.2500       -999.2500       -999.2500
 1936.0000          1.9070       -999.2500       -999.2500       -999.2500
 1940.0000          1.9110       -999.2500       -999.2500       -999.2500
 1944.0000          1.9150       -999.2500       -999.2500       -999.2500
 1948.0000          1.9190       -999.2500       -999.2500       -999.2500
 1952.0000          1.9230       -999.2500       -999.2500       -999.2500
 1956.0000          1.9269       -999.2500       -999.2500       -999.2500
 1960.0000          1.9309       -999.2500       -999.2500       -999.2500
 1964.0000          1.9349       -999.2500       -999.2500       -999.2500
 1968.0000          1.9389       -999.2500       -999.2500       -999.2500
 1972.0000          1.9429       -999.2500       -999.2500       -999.2500
 1976.0000          1.9469       -999.2500       -999.2500       -999.2500
 1980.0000          1.9509       -999.2500       -999.2500       -999.2500
 1984.0000          1.9549       -999.2500       -999.2500       -999.2500
 1988.0000          1.9589       -999.2500       -999.2500       -999.2500
 1992.0000          1.9629       -999.2500       -999.2500       -999.2500
 1996.0000          1.9669       -999.2500       -999.2500       -999.2500
 2000.0000          1.9709       -999.2500       -999.2500       -999.2500
 2004.0000          1.9749       -999.2500       -999.2500       -999.2500
 2008.0000          1.9789       -999.2500       -999.2500       -999.2500
 2012.0000          1.9829       -999.2500       -999.2500       -999.2500
 2016.0000          1.9869       -999.2500       -999.2500       -999.2500
 2020.0000          1.9909       -999.2500       -999.2500       -999.2500
 2024.0000          1.9949       -999.2500       -999.2500       -999.2500
 2028.0000          1.9989       -999.2500       -999.2500       -999.2500
 2032.0000          2.0029       -999.2500       -999.2500       -999.2500
 2036.0000          2.0069       -999.2500       -999.2500       -999.2500
 2040.0000          2.0109       -999.2500       -999.2500       -999.2500
 2044.0000          2.0149       -999.2500       -999.2500       -999.2500
 2048.0000          2.0189       -999.2500       -999.2500       -999.2500
 2052.0000          2.0229       -999.2500       -999.2500       -999.2500
 2056.0000          2.0269       -999.2500       -999.2500       -999.2500
 2060.0000          2.0309       -999.2500       -999.2500       -999.2500
 2064.0000          2.0349       -999.2500       -999.2500       -999.2500
 2068.0000          2.0389       -999.2500       -999.2500       -999.2500
 2072.0000          2.0429       -999.2500       -999.2500       -999.2500
 2076.0000          2.0469       -999.2500       -999.2500       -999.2500
 2080.0000          2.0509       -999.2500       -999.2500       -999.2500
 2084.0000          2.0549       -999.2500       -999.2500       -999.2500
 2088.0000          2.0589       -999.2500       -999.2500       -999.2500
 2092.0000          2.0629       -999.2500       -999.2500       -999.2500
 2096.0000          2.0669       -999.2500       -999.2500       -999.2500
 2100.0000          2.0709       -999.2500       -999.2500       -999.2500
 2104.0000          2.0749       -999.2500       -999.2500       -999.2500
 2108.0000          2.0789       -999.2500       -999.2500       -999.2500
 2112.0000          2.0829       -999.2500       -999.2500       -999.2500
 2116.0000          2.0869       -999.2500       -999.2500       -999.2500
 2120.0000          2.0909       -999.2500       -999.2500       -999.2500
 2124.0000          2.0949       -999.2500       -999.2500       -999.2500
 2128.0000          2.0989       -999.2500       -999.2500       -999.2500
 2132.0000          2.1029       -999.2500       -999.2500       -999.2500
 2136.0000          2.1069       -999.2500       -999.2500       -999.2500
 2140.0000          2.1109       -999.2500       -999.2500       -999.2500
 2144.0000          2.1149       -999.2500       -999.2500       -999.2500
 2148.0000          2.1189       -999.2500       -999.2500       -999.2500
 2152.0000          2.1229       -999.2500       -999.2500       -999.2500
 2156.0000          2.1269       -999.2500       -999.2500       -999.2500
 2160.0000          2.1309       -999.2500       -999.2500       -999.2500
 2164.0000          2.1349       -999.2500       -999.2500       -999.2500
 2168.0000          2.1389       -999.2500       -999.2500       -999.2500
 2172.0000          2.1429       -999.2500       -999.2500       -999.2500
 2176.0000          2.1469       -999.2500       -999.2500       -999.2500
 2180.0000          2.1509       -999.2500       -999.2500       -999.2500
 2184.0000          2.1549       -999.2500       -999.2500       -999.2500
 2188.0000          2.1589       -999.2500       -999.2500       -999.2500
 2192.0000          2.1629       -999.2500       -999.2500       -999.2500
 2196.0000          2.1669       -999.2500       -999.2500       -999.2500
 2200.0000          2.1709       -999.2500       -999.2500       -999.2500
 2204.0000          2.1749       -999.2500       -999.2500       -999.2500
 2208.0000          2.1789       -999.2500       -999.2500       -999.2500
 2212.0000          2.1829       -999.2500       -999.2500       -999.2500
 2216.0000          2.1869       -999.2500       -999.2500       -999.2500
 2220.0000          2.1909       -999.2500       -999.2500       -999.2500
 2224.0000          2.1949       -999.2500       -999.2500       -999.2500
 2228.0000          2.1989       -999.2500       -999.2500       -999.2500
 2232.0000          2.2029       -999.2500       -999.2500       -999.2500
 2236.0000          2.2069       -999.2500       -999.2500       -999.2500
 2240.0000          2.2109       -999.2500       -999.2500       -999.2500
 2244.0000          2.2149       -999.2500       -999.2500       -999.2500
 2248.0000          2.2189       -999.2500       -999.2500       -999.2500
 2252.0000          2.2229       -999.2500       -999.2500       -999.2500
 2256.0000          2.2269       -999.2500       -999.2500       -999.2500
 2260.0000          2.2309       -999.2500       -999.2500       -999.2500
 2264.0000          2.2349       -999.2500       -999.2500       -999.2500
 2268.0000          2.2389       -999.2500       -999.2500       -999.2500
 2272.0000          2.2429       -999.2500       -999.2500       -999.2500
 2276.0000          2.2469       -999.2500       -999.2500       -999.2500
 2280.0000          2.2509       -999.2500       -999.2500       -999.2500
 2284.0000          2.2549       -999.2500       -999.2500       -999.2500
 2288.0000          2.2589       -999.2500       -999.2500       -999.2500
 2292.0000          2.2629       -999.2500       -999.2500       -999.2500
 2296.0000          2.2669       -999.2500       -999.2500       -999.2500
 2300.0000          2.2709       -999.2500       -999.2500       -999.2500
 2304.0000          2.2749       -999.2500       -999.2500       -999.2500
 2308.0000          2.2789       -999.2500       -999.2500       -999.2500
 2312.0000          2.2829       -999.2500       -999.2500       -999.2500
 2316.0000          2.2869       -999.2500       -999.2500       -999.2500
 2320.0000          2.2909       -999.2500       -999.2500       -999.2500
 2324.0000          2.2949       -999.2500       -999.2500       -999.2500
 2328.0000          2.2989       -999.2500       -999.2500       -999.2500
 2332.0000          2.3029       -999.2500       -999.2500       -999.2500
 2336.0000          2.3069       -999.2500       -999.2500       -999.2500
 2340.0000          2.3109       -999.2500       -999.2500       -999.2500
 2344.0000          2.3149       -999.2500       -999.2500       -999.2500
 2348.0000          2.3189       -999.2500       -999.2500       -999.2500
 2352.0000          2.3229       -999.2500       -999.2500       -999.2500
 2356.0000          2.3269       -999.2500       -999.2500       -999.2500
 2360.0000          2.3309       -999.2500       -999.2500       -999.2500
 2364.0000          2.3349       -999.2500       -999.2500       -999.2500
 2368.0000          2.3389       -999.2500       -999.2500       -999.2500
 2372.0000          2.3429       -999.2500       -999.2500       -999.2500
 2376.0000          2.3469       -999.2500       -999.2500       -999.2500
 2380.0000          2.3509       -999.2500       -999.2500       -999.2500
 2384.0000          2.3548       -999.2500       -999.2500       -999.2500
 2388.0000          2.3588       -999.2500       -999.2500       -999.2500
 2392.0000          2.3628       -999.2500       -999.2500       -999.2500
 2396.0000          2.3668       -999.2500       -999.2500       -999.2500
 2400.0000          2.3708       -999.2500       -999.2500       -999.2500
 2404.0000          2.3748       -999.2500       -999.2500       -999.2500
 2408.0000          2.3788       -999.2500       -999.2500       -999.2500
 2412.0000          2.3828       -999.2500       -999.2500       -999.2500
 2416.0000          2.3868       -999.2500       -999.2500       -999.2500
 2420.0000          2.3908       -999.2500       -999.2500       -999.2500
 2424.0000          2.3948       -999.2500       -999.2500       -999.2500
 2428.0000          2.3988       -999.2500       -999.2500       -999.2500
 2432.0000          2.4028       -999.2500       -999.2500       -999.2500
 2436.0000          2.4068       -999.2500       -999.2500       -999.2500
 2440.0000          2.4108       -999.2500       -999.2500       -999.2500
 2444.0000          2.4148       -999.2500       -999.2500       -999.2500
 2448.0000          2.4188       -999.2500       -999.2500       -999.2500
 2452.0000          2.4228       -999.2500       -999.2500       -999.2500
 2456.0000          2.4268       -999.2500       -999.2500       -999.2500
 2460.0000          2.4308       -999.2500       -999.2500       -999.2500
 2464.0000          2.4348       -999.2500       -999.2500       -999.2500
 2468.0000          2.4388       -999.2500       -999.2500       -999.2500
 2472.0000          2.4428       -999.2500       -999.2500       -999.2500
 2476.0000          2.4468       -999.2500       -999.2500       -999.2500
 2480.0000          2.4508       -999.2500       -999.2500       -999.2500
 2484.0000          2.4548       -999.2500       -999.2500       -999.2500
 2488.0000          2.4588       -999.2500       -999.2500       -999.2500
 2492.0000          2.4628       -999.2500       -999.2500       -999.2500
 2496.0000          2.4668       -999.2500       -999.2500       -999.2500
 2500.0000          2.4708       -999.2500       -999.2500       -999.2500
 2504.0000          2.4748       -999.2500       -999.2500       -999.2500
 2508.0000          2.4788       -999.2500       -999.2500       -999.2500
 2512.0000          2.4828       -999.2500       -999.2500       -999.2500
 2516.0000          2.4868       -999.2500       -999.2500       -999.2500
 2520.0000          2.4908       -999.2500       -999.2500       -999.2500
 2524.0000          2.4948       -999.2500       -999.2500       -999.2500
 2528.0000          2.4988       -999.2500       -999.2500       -999.2500
 2532.0000          2.5028       -999.2500       -999.2500       -999.2500
 2536.0000          2.5068       -999.2500       -999.2500       -999.2500
 2540.0000          2.5108       -999.2500       -999.2500       -999.2500
 2544.0000          2.5148       -999.2500       -999.2500       -999.2500
 2548.0000          2.5188       -999.2500       -999.2500       -999.2500
 2552.0000          2.5228       -999.2500       -999.2500       -999.2500
 2556.0000          2.5268       -999.2500       -999.2500       -999.2500
 2560.0000          2.5308       -999.2500       -999.2500       -999.2500
 2564.0000          2.5348       -999.2500       -999.2500       -999.2500
 2568.0000          2.5388       -999.2500       -999.2500       -999.2500
 2572.0000          2.5428       -999.2500       -999.2500       -999.2500
 2576.0000          2.5468       -999.2500       -999.2500       -999.2500
 2580.0000          2.5508       -999.2500       -999.2500       -999.2500
 2584.0000          2.5548       -999.2500       -999.2500       -999.2500
 2588.0000          2.5588       -999.2500       -999.2500       -999.2500
 2592.0000          2.5628       -999.2500       -999.2500       -999.2500
 2596.0000          2.5668       -999.2500       -999.2500       -999.2500
 2600.0000          2.5708       -999.2500       -999.2500       -999.2500
 2604.0000          2.5748       -999.2500       -999.2500       -999.2500
 2608.0000          2.5788       -999.2500       -999.2500       -999.2500
 2612.0000          2.5828       -999.2500       -999.2500       -999.2500
 2616.0000          2.5868       -999.2500       -999.2500       -999.2500
 2620.0000          2.5908       -999.2500       -999.2500       -999.2500
 2624.0000          2.5948       -999.2500       -999.2500       -999.2500
 2628.0000          2.5988       -999.2500       -999.2500       -999.2500
 2632.0000          2.6028       -999.2500       -999.2500       -999.2500
 2636.0000          2.6068       -999.2500       -999.2500       -999.2500
 2640.0000          2.6108       -999.2500       -999.2500       -999.2500
 2644.0000          2.6148       -999.2500       -999.2500       -999.2500
 2648.0000          2.6188       -999.2500       -999.2500       -999.2500
 2652.0000          2.6228       -999.2500       -999.2500       -999.2500
 2656.0000          2.6268       -999.2500       -999.2500       -999.2500
 2660.0000          2.6308       -999.2500       -999.2500       -999.2500
 2664.0000          2.6348       -999.2500       -999.2500       -999.2500
 2668.0000          2.6388       -999.2500       -999.2500       -999.2500
 2672.0000          2.6428       -999.2500       -999.2500       -999.2500
 2676.0000          2.6468       -999.2500       -999.2500       -999.2500
 2680.0000          2.6508       -999.2500       -999.2500       -999.2500
 2684.0000          2.6548       -999.2500       -999.2500       -999.2500
 2688.0000          2.6588       -999.2500       -999.2500       -999.2500
 2692.0000          2.6628       -999.2500       -999.2500       -999.2500
 2696.0000          2.6668       -999.2500       -999.2500       -999.2500
 2700.0000          2.6708       -999.2500       -999.2500       -999.2500
 2704.0000          2.6748       -999.2500       -999.2500       -999.2500
 2708.0000          2.6788       -999.2500       -999.2500       -999.2500
 2712.0000          2.6828       -999.2500       -999.2500       -999.2500
 2716.0000          2.6868       -999.2500       -999.2500       -999.2500
 2720.0000          2.6907       -999.2500       -999.2500       -999.2500
 2724.0000          2.6947       -999.2500       -999.2500       -999.2500
 2728.0000          2.6987       -999.2500       -999.2500       -999.2500
 2732.0000          2.7027       -999.2500       -999.2500       -999.2500
 2736.0000          2.7067       -999.2500       -999.2500       -999.2500
 2740.0000          2.7107       -999.2500       -999.2500       -999.2500
 2744.0000          2.7146       -999.2500       -999.2500       -999.2500
 2748.0000          2.7186       -999.2500       -999.2500       -999.2500
 2752.0000          2.7226       -999.2500       -999.2500       -999.2500
 2756.0000          2.7266       -999.2500       -999.2500       -999.2500
 2760.0000          2.7306       -999.2500       -999.2500       -999.2500
 2764.0000          2.7346       -999.2500       -999.2500       -999.2500
 2768.0000          2.7386       -999.2500       -999.2500       -999.2500
 2772.0000          2.7425       -999.2500       -999.2500       -999.2500
 2776.0000          2.7465       -999.2500       -999.2500       -999.2500
 2780.0000          2.7505       -999.2500       -999.2500       -999.2500
 2784.0000          2.7545       -999.2500       -999.2500       -999.2500
 2788.0000          2.7585       -999.2500       -999.2500       -999.2500
 2792.0000          2.7625       -999.2500       -999.2500       -999.2500
 2796.0000          2.7664       -999.2500       -999.2500       -999.2500
 2800.0000          2.7704       -999.2500       -999.2500       -999.2500
 2804.0000          2.7744       -999.2500       -999.2500       -999.2500
 2808.0000          2.7784       -999.2500       -999.2500       -999.2500
 2812.0000          2.7824       -999.2500       -999.2500       -999.2500
 2816.0000          2.7864       -999.2500       -999.2500       -999.2500
 2820.0000          2.7904       -999.2500       -999.2500       -999.2500
 2824.0000          2.7944       -999.2500       -999.2500       -999.2500
 2828.0000          2.7984       -999.2500       -999.2500       -999.2500
 2832.0000          2.8024       -999.2500       -999.2500       -999.2500
 2836.0000          2.8064       -999.2500       -999.2500       -999.2500
 2840.0000          2.8104       -999.2500       -999.2500       -999.2500
 2844.0000          2.8143       -999.2500       -999.2500       -999.2500
 2848.0000          2.8183       -999.2500       -999.2500       -999.2500
 2852.0000          2.8223       -999.2500       -999.2500       -999.2500
 2856.0000          2.8263       -999.2500       -999.2500       -999.2500
 2860.0000          2.8303       -999.2500       -999.2500       -999.2500
 2864.0000          2.8343       -999.2500       -999.2500       -999.2500
 2868.0000          2.8383       -999.2500       -999.2500       -999.2500
 2872.0000          2.8423       -999.2500       -999.2500       -999.2500
 2876.0000          2.8463       -999.2500       -999.2500       -999.2500
 2880.0000          2.8503       -999.2500       -999.2500       -999.2500
 2884.0000          2.8543       -999.2500       -999.2500       -999.2500
 2888.0000          2.8583       -999.2500       -999.2500       -999.2500
 2892.0000          2.8623       -999.2500       -999.2500       -999.2500
 2896.0000          2.8663       -999.2500       -999.2500       -999.2500
 2900.0000          2.8703       -999.2500       -999.2500       -999.2500
 2904.0000          2.8743       -999.2500       -999.2500       -999.2500
 2908.0000          2.8783       -999.2500       -999.2500       -999.2500
 2912.0000          2.8823       -999.2500       -999.2500       -999.2500
 2916.0000          2.8863       -999.2500       -999.2500       -999.2500
 2920.0000          2.8903       -999.2500       -999.2500       -999.2500
 2924.0000          2.8943       -999.2500       -999.2500       -999.2500
 2928.0000          2.8983       -999.2500       -999.2500       -999.2500
 2932.0000          2.9023       -999.2500       -999.2500       -999.2500
 2936.0000          2.9063       -999.2500       -999.2500       -999.2500
 2940.0000          2.9103       -999.2500       -999.2500       -999.2500
 2944.0000          2.9143       -999.2500       -999.2500       -999.2500
 2948.0000          2.9183       -999.2500       -999.2500       -999.2500
 2952.0000          2.9223       -999.2500       -999.2500       -999.2500
 2956.0000          2.9263       -999.2500       -999.2500       -999.2500
 2960.0000          2.9303       -999.2500       -999.2500       -999.2500
 2964.0000          2.9343       -999.2500       -999.2500       -999.2500
 2968.0000          2.9383       -999.2500       -999.2500       -999.2500
 2972.0000          2.9423       -999.2500       -999.2500       -999.2500
 2976.0000          2.9463       -999.2500       -999.2500       -999.2500
 2980.0000          2.9503       -999.2500       -999.2500       -999.2500
 2984.0000          2.9543       -999.2500       -999.2500       -999.2500
 2988.0000          2.9583       -999.2500       -999.2500       -999.2500
 2992.0000          2.9623       -999.2500       -999.2500       -999.2500
 2996.0000          2.9663       -999.2500       -999.2500       -999.2500
 3000.0000          2.9703       -999.2500       -999.2500       -999.2500
 3004.0000          2.9743       -999.2500       -999.2500       -999.2500
 3008.0000          2.9783       -999.2500       -999.2500       -999.2500
 3012.0000          2.9823       -999.2500       -999.2500       -999.2500
 3016.0000          2.9863       -999.2500       -999.2500       -999.2500
 3020.0000          2.9903       -999.2500       -999.2500       -999.2500
 3024.0000          2.9943       -999.2500       -999.2500       -999.2500
 3028.0000          2.9983       -999.2500       -999.2500       -999.2500
 3032.0000          3.0022       -999.2500       -999.2500       -999.2500
 3036.0000          3.0062       -999.2500       -999.2500       -999.2500
 3040.0000          3.0102       -999.2500       -999.2500       -999.2500
 3044.0000          3.0142       -999.2500       -999.2500       -999.2500
 3048.0000          3.0182       -999.2500       -999.2500       -999.2500
 3052.0000          3.0222       -999.2500       -999.2500       -999.2500
 3056.0000          3.0262       -999.2500       -999.2500       -999.2500
 3060.0000          3.0302       -999.2500       -999.2500       -999.2500
 3064.0000          3.0342       -999.2500       -999.2500       -999.2500
 3068.0000          3.0382       -999.2500       -999.2500       -999.2500
 3072.0000          3.0422       -999.2500       -999.2500       -999.2500
 3076.0000          3.0462       -999.2500       -999.2500       -999.2500
 3080.0000          3.0502       -999.2500       -999.2500       -999.2500
 3084.0000          3.0542       -999.2500       -999.2500       -999.2500
 3088.0000          3.0582       -999.2500       -999.2500       -999.2500
 3092.0000          3.0622       -999.2500       -999.2500       -999.2500
 3096.0000          3.0662       -999.2500       -999.2500       -999.2500
 3100.0000          3.0702       -999.2500       -999.2500       -999.2500
 3104.0000          3.0742       -999.2500       -999.2500       -999.2500
 3108.0000          3.0783       -999.2500       -999.2500       -999.2500
 3112.0000          3.0823       -999.2500       -999.2500       -999.2500
 3116.0000          3.0863       -999.2500       -999.2500       -999.2500
 3120.0000          3.0903       -999.2500       -999.2500       -999.2500
 3124.0000          3.0944       -999.2500       -999.2500       -999.2500
 3128.0000          3.0984       -999.2500       -999.2500       -999.2500
 3132.0000          3.1024       -999.2500       -999.2500       -999.2500
 3136.0000          3.1064       -999.2500       -999.2500       -999.2500
 3140.0000          3.1104       -999.2500       -999.2500       -999.2500
 3144.0000          3.1144       -999.2500       -999.2500       -999.2500
 3148.0000          3.1184       -999.2500       -999.2500       -999.2500
 3152.0000          3.1224       -999.2500       -999.2500       -999.2500
 3156.0000          3.1264       -999.2500       -999.2500       -999.2500
 3160.0000          3.1304       -999.2500       -999.2500       -999.2500
 3164.0000          3.1344       -999.2500       -999.2500       -999.2500
 3168.0000          3.1384       -999.2500       -999.2500       -999.2500
 3172.0000          3.1424       -999.2500       -999.2500       -999.2500
 3176.0000          3.1464       -999.2500       -999.2500       -999.2500
 3180.0000          3.1504       -999.2500       -999.2500       -999.2500
 3184.0000          3.1544       -999.2500       -999.2500       -999.2500
 3188.0000          3.1584       -999.2500       -999.2500       -999.2500
 3192.0000          3.1624       -999.2500       -999.2500       -999.2500
 3196.0000          3.1664       -999.2500       -999.2500       -999.2500
 3200.0000          3.1704       -999.2500       -999.2500       -999.2500
 3204.0000          3.1744       -999.2500       -999.2500       -999.2500
 3208.0000          3.1784       -999.2500       -999.2500       -999.2500
 3212.0000          3.1823       -999.2500       -999.2500       -999.2500
 3216.0000          3.1863       -999.2500       -999.2500       -999.2500
 3220.0000          3.1903       -999.2500       -999.2500       -999.2500
 3224.0000          3.1943       -999.2500       -999.2500       -999.2500
 3228.0000          3.1983       -999.2500       -999.2500       -999.2500
 3232.0000          3.2023       -999.2500       -999.2500       -999.2500
 3236.0000          3.2063       -999.2500       -999.2500       -999.2500
 3240.0000          3.2103       -999.2500       -999.2500       -999.2500
 3244.0000          3.2143       -999.2500       -999.2500       -999.2500
 3248.0000          3.2183       -999.2500       -999.2500       -999.2500
 3252.0000          3.2223       -999.2500       -999.2500       -999.2500
 3256.0000          3.2263       -999.2500       -999.2500       -999.2500
 3260.0000          3.2303       -999.2500       -999.2500       -999.2500
 3264.0000       -999.2500       -999.2500       -999.2500       -999.2500
