Well Name               : F06-1
UWI                     : Unknown
Kelly Bushing Elevation : 28.64 m
Surface Elevation       : 0 m
X : 607903.000000 m  Y : 6077213.000000 m
First Sample at         : 0.000000 ms
Last Sample at          : 1671.300049 ms
Sample Rate             : 4.000000 ms
Number of Samples       : 418

Column 1 : Time ms
Column 2 : Check Shot (Check Shot) - Units : ms (Two Way time)
Column 3 : P-Impedance (P-Impedance) - Units : (m/s)*(g/cc)
Column 4 : Computed Impedance (P-Impedance) - Units : (m/s)*(kg/m3)
Column 5 : Computed Reflectivity (P-Reflectivity) - Units : unitless
    0.0000       -999.2500       -999.2500       -999.2500       -999.2500
    4.0000          0.0041      3904166.2500      3904215.0000          0.0000
    8.0000          0.0083      3906165.2500      3906312.0000          0.0000
   12.0000          0.0124      3908190.0000      3908448.7500          0.0000
   16.0000          0.0166      3910228.2500      3910568.2500          0.0000
   20.0000          0.0207      3912256.7500      3912708.0000          0.0000
   24.0000          0.0248      3914282.0000      3914831.0000          0.0000
   28.0000          0.0290      3916332.2500      3916973.0000          0.0000
   32.0000          0.0331      3918361.0000      3919102.0000          0.0000
   36.0000          0.0373      3920404.5000      3921243.0000          0.0000
   40.0000          0.0414      3922445.7500      3923379.2500          0.0000
   44.0000          0.0455      3924499.5000      3925520.0000          0.0000
   48.0000          0.0497      3926534.5000      3927662.2500          0.0000
   52.0000          0.0538      3928584.5000      3929796.0000          0.0000
   56.0000          0.0580      3930642.5000      3931952.2500          0.0000
   60.0000          0.0621      3932691.0000      3934085.2500          0.0000
   64.0000          0.0662      3934744.0000      3936248.7500          0.0000
   68.0000          0.0704      3936812.2500      3938382.2500          0.0000
   72.0000          0.0745      3938861.0000      3940550.5000          0.0000
   76.0000          0.0787      3940930.2500      3942686.5000          0.0000
   80.0000          0.0828      3942995.2500      3944858.5000          0.0000
   84.0000          0.0869      3945065.5000      3946998.7500          0.0000
   88.0000          0.0911      3947122.5000      3949170.7500          0.0000
   92.0000          0.0952      3949213.5000      3951318.2500          0.0000
   96.0000          0.0994      3951274.5000      3953489.0000          0.0000
  100.0000          0.1035      3953351.2500      3955644.2500          0.0000
  104.0000          0.1076      3955436.2500      3957814.5000          0.0000
  108.0000          0.1118      3957511.2500      3959976.2500          0.0000
  112.0000          0.1159      3959593.5000      3962139.2500          0.0000
  116.0000          0.1201      3961686.2500      3964315.5000          0.0000
  120.0000          0.1242      3963761.2500      3966477.5000          0.0000
  124.0000          0.1283      3965856.7500      3968661.0000          0.0000
  128.0000          0.1325      3967949.2500      3970825.2500          0.0000
  132.0000          0.1366      3970046.7500      3973009.7500          0.0000
  136.0000          0.1408      3972132.0000      3975179.7500          0.0000
  140.0000          0.1449      3974248.7500      3977366.2500          0.0000
  144.0000          0.1490      3976337.2500      3979541.2500          0.0000
  148.0000          0.1532      3978443.5000      3981728.2500          0.0000
  152.0000          0.1573      3980553.7500      3983909.7500          0.0000
  156.0000          0.1614      3982656.0000      3986096.0000          0.0000
  160.0000          0.1656      3984769.5000      3988285.5000          0.0000
  164.0000          0.1697      3986886.0000      3990471.2500          0.0000
  168.0000          0.1739      3988995.2500      3992667.0000          0.0000
  172.0000          0.1780      3991117.7500      3994853.0000          0.0000
  176.0000          0.1821      3993239.2500      3997055.7500          0.0000
  180.0000          0.1863      3995355.7500      3999240.2500          0.0000
  184.0000          0.1904      3997486.0000      4001444.2500          0.0000
  188.0000          0.1946      3999613.0000      4003635.2500          0.0000
  192.0000          0.1987      4001729.5000      4005845.5000          0.0000
  196.0000          0.2028      4003876.2500      4008039.0000          0.0000
  200.0000          0.2070      4006001.2500      4010252.7500          0.0000
  204.0000          0.2111      4008137.0000      4012449.0000          0.0000
  208.0000          0.2153      4010282.2500      4014666.5000          0.0000
  212.0000          0.2194      4012417.5000      4016868.2500          0.0000
  216.0000          0.2235      4014563.5000      4019084.5000          0.0000
  220.0000          0.2277      4016713.0000      4021294.0000          0.0000
  224.0000          0.2318      4018855.0000      4023510.2500          0.0000
  228.0000          0.2360      4021012.2500      4025725.5000          0.0000
  232.0000          0.2401      4023165.0000      4027942.7500          0.0000
  236.0000          0.2442      4025313.7500      4030165.0000          0.0000
  240.0000          0.2484      4027482.7500      4032380.7500          0.0000
  244.0000          0.2525      4029637.5000      4034611.5000          0.0000
  248.0000          0.2567      4031797.7500      4036827.0000          0.0000
  252.0000          0.2608      4033971.2500      4039063.5000          0.0000
  256.0000          0.2649      4036132.0000      4041273.7500          0.0000
  260.0000          0.2691      4038305.2500      4043521.7500          0.0000
  264.0000          0.2732      4040472.7500      4045736.5000          0.0000
  268.0000          0.2774      4042645.0000      4047984.7500          0.0000
  272.0000          0.2815      4044830.5000      4050206.7500          0.0000
  276.0000          0.2856      4047003.5000      4052453.5000          0.0000
  280.0000          0.2898      4049189.5000      4054684.0000          0.0000
  284.0000          0.2939      4051376.2500      4056930.2500          0.0000
  288.0000          0.2981      4053556.2500      4059167.2500          0.0000
  292.0000          0.3022      4055756.5000      4061414.5000          0.0000
  296.0000          0.3063      4057943.2500      4063658.0000          0.0000
  300.0000          0.3105      4060136.7500      4065904.5000          0.0000
  304.0000          0.3146      4062340.5000      4068155.5000          0.0000
  308.0000          0.3188      4064533.0000      4070396.7500          0.0000
  312.0000          0.3229      4066741.7500      4072657.7500          0.0000
  316.0000          0.3270      4068944.5000      4074903.2500          0.0000
  320.0000          0.3312      4071139.5000      4077167.2500          0.0000
  324.0000          0.3353      4073366.0000      4079417.2500          0.0000
  328.0000          0.3395      4075563.5000      4081682.5000          0.0000
  332.0000          0.3436      4077790.2500      4083939.5000          0.0000
  336.0000          0.3477      4080000.0000      4086203.7500          0.0000
  340.0000          0.3519      4082221.0000      4088469.2500          0.0000
  344.0000          0.3560      4084446.5000      4090732.2500          0.0000
  348.0000          0.3602      4086665.2500      4093004.7500          0.0000
  352.0000          0.3643      4088901.7500      4095267.7500          0.0000
  356.0000          0.3684      4091125.5000      4097548.2500          0.0000
  360.0000          0.3726      4093359.7500      4099810.5000          0.0000
  364.0000          0.3767      4095597.5000      4102098.5000          0.0000
  368.0000          0.3809      4097829.0000      4104364.2500          0.0000
  372.0000          0.3850      4100078.0000      4106651.2500          0.0000
  376.0000          0.3891      4102314.0000      4108924.7500          0.0000
  380.0000          0.3933      4104563.5000      4111205.2500          0.0000
  384.0000          0.3974      4106811.5000      4113491.7500          0.0000
  388.0000          0.4016      4109056.7500      4115773.0000          0.0000
  392.0000          0.4057      4111312.0000      4118066.7500          0.0000
  396.0000          0.4098      4113566.0000      4120347.2500          0.0000
  400.0000          0.4140      4115824.7500      4122649.0000          0.0000
  404.0000          0.4181      4118089.5000      4124929.7500          0.0000
  408.0000          0.4223      4120345.0000      4127237.7500          0.0000
  412.0000          0.4264      4122622.7500      4129519.2500          0.0000
  416.0000          0.4305      4124877.5000      4131833.7500          0.0000
  420.0000          0.4347      4127165.0000      4134115.0000          0.0000
  424.0000          0.4388      4129424.0000      4136437.2500          0.0000
  428.0000          0.4430      4131714.5000      4138722.5000          0.0000
  432.0000          0.4471      4133983.2500      4141043.5000          0.0000
  436.0000          0.4512      4136272.5000      4143337.0000          0.0000
  440.0000          0.4554      4138553.2500      4145650.2500          0.0000
  444.0000          0.4595      4140841.0000      4147958.2500          0.0000
  448.0000          0.4636      4143133.7500      4150271.5000          0.0000
  452.0000          0.4678      4145416.7500      4152587.2500          0.0000
  456.0000          0.4719      4147720.5000      4154899.5000          0.0000
  460.0000          0.4761      4150013.0000      4157223.5000          0.0000
  464.0000          0.4802      4152316.0000      4159536.0000          0.0000
  468.0000          0.4843      4154620.0000      4161866.0000          0.0000
  472.0000          0.4885      4156922.5000      4164180.7500          0.0000
  476.0000          0.4926      4159237.7500      4166515.5000          0.0000
  480.0000          0.4968      4161539.7500      4168832.7500          0.0000
  484.0000          0.5009      4163866.5000      4171171.5000          0.0000
  488.0000          0.5050      4166168.0000      4173494.5000          0.0000
  492.0000          0.5092      4168505.7500      4175832.5000          0.0000
  496.0000          0.5133      4170810.2500      4178163.5000          0.0000
  500.0000          0.5175      4173153.2500      4180501.7500          0.0000
  504.0000          0.5216      4175464.7500      4182839.0000          0.0000
  508.0000          0.5257      4177810.2500      4185178.0000          0.0000
  512.0000          0.5299      4180130.7500      4187515.5000          0.0000
  516.0000          0.5340      4182477.7500      4189860.7500          0.0000
  520.0000          0.5382      4184808.0000      4192206.7500          0.0000
  524.0000          0.5423      4187148.5000      4194551.5000          0.0000
  528.0000          0.5464      4189495.7500      4196904.5000          0.0000
  532.0000          0.5506      4191839.0000      4199250.0000          0.0000
  536.0000          0.5547      4194194.2500      4201610.5000          0.0000
  540.0000          0.5589      4196540.0000      4203955.5000          0.0000
  544.0000          0.5630      4198904.5000      4206324.0000          0.0000
  548.0000          0.5671      4201253.5000      4208672.0000          0.0000
  552.0000          0.5713      4203624.5000      4211041.0000          0.0000
  556.0000          0.5754      4205977.5000      4213395.5000          0.0000
  560.0000          0.5796      4208356.5000      4215766.5000          0.0000
  564.0000          0.5837      4210715.0000      4218127.0000          0.0000
  568.0000          0.5878      4213097.5000      4026959.2500         -0.0010
  572.0000          0.5920      4215463.5000      3930247.0000          0.0001
  576.0000          0.5961      4217849.5000      3936755.7500          0.0001
  580.0000          0.6001      4047929.7500      4017623.2500         -0.0001
  584.0000          0.6042      3927889.2500      4083587.7500         -0.0002
  588.0000          0.6082      3939968.7500      4056212.2500          0.0005
  592.0000          0.6123      4019476.0000      4158067.5000          0.0004
  596.0000          0.6163      4075736.7500      4115303.5000         -0.0005
  600.0000          0.6204      4019100.5000      4120751.2500         -0.0003
  604.0000          0.6244      4133508.7500      4064603.2500         -0.0002
  608.0000          0.6285      4133719.2500      4049227.0000         -0.0006
  612.0000          0.6326      4142827.0000      4097542.7500          0.0020
  616.0000          0.6366      4071845.2500      4088080.2500         -0.0023
  620.0000          0.6407      4046786.2500      4111588.2500          0.0012
  624.0000          0.6447      4041848.0000      4106193.7500          0.0009
  628.0000          0.6488      4143596.7500      4156331.2500         -0.0008
  632.0000          0.6528      4055211.2500      4178970.2500         -0.0001
  636.0000          0.6569      4079594.2500      4096554.7500          0.0009
  640.0000          0.6609      4193794.7500      4136410.2500         -0.0006
  644.0000          0.6650      4143450.5000      3949118.0000         -0.0008
  648.0000          0.6690      4093810.5000      3916559.2500          0.0003
  652.0000          0.6731      4166825.0000      3881352.7500         -0.0003
  656.0000          0.6772      4043063.5000      3880125.7500         -0.0002
  660.0000          0.6812      3908870.5000      3822483.2500         -0.0001
  664.0000          0.6852      3902459.0000      3867338.5000          0.0005
  668.0000          0.6892      3882753.7500      3915010.2500         -0.0000
  672.0000          0.6932      3858825.5000      3920693.7500          0.0001
  676.0000          0.6972      3823339.7500      3959946.5000          0.0003
  680.0000          0.7012      3892222.7500      3963726.7500         -0.0003
  684.0000          0.7052      3915262.5000      3968655.2500          0.0005
  688.0000          0.7093      3918482.7500      4005201.0000          0.0000
  692.0000          0.7135      3966619.0000      4072010.7500          0.0003
  696.0000          0.7176      3960796.2500      4175335.2500          0.0007
  700.0000          0.7217      3970915.5000      4233354.0000         -0.0000
  704.0000          0.7259      4004765.0000      4375841.0000          0.0002
  708.0000          0.7300      4070007.2500      4340490.0000          0.0004
  712.0000          0.7342      4166015.2500      4638943.5000          0.0011
  716.0000          0.7382      4234101.0000      4534860.0000         -0.0010
  720.0000          0.7423      4370605.0000      4580179.0000          0.0015
  724.0000          0.7463      4339582.5000      4572400.0000         -0.0009
  728.0000          0.7504      4635509.0000      4512315.5000         -0.0001
  732.0000          0.7544      4511692.5000      4717287.0000          0.0006
  736.0000          0.7585      4616987.5000      4623383.0000         -0.0002
  740.0000          0.7625      4544525.0000      4582517.5000          0.0004
  744.0000          0.7665      4556168.5000      4586375.0000         -0.0010
  748.0000          0.7706      4692459.0000      4316929.0000         -0.0026
  752.0000          0.7746      4605771.5000      4059843.2500          0.0022
  756.0000          0.7787      4590305.5000      4211910.5000          0.0003
  760.0000          0.7834      4393305.0000      4648543.0000          0.0014
  764.0000          0.7883      4128895.5000      4826071.0000          0.0005
  768.0000          0.7931      4171186.0000      4753394.0000         -0.0006
  772.0000          0.7980      4453891.5000      4750976.0000          0.0005
  776.0000          0.8028      4801547.5000      4798715.5000          0.0002
  780.0000          0.8076      4776484.0000      4822335.5000         -0.0005
  784.0000          0.8125      4737899.5000      4721834.0000         -0.0001
  788.0000          0.8173      4804522.0000      4796971.5000         -0.0000
  792.0000          0.8221      4811449.0000      4724784.0000          0.0001
  796.0000          0.8270      4733054.5000      4742224.0000         -0.0005
  800.0000          0.8318      4779979.5000      4652774.0000          0.0001
  804.0000          0.8366      4740375.0000      4674864.0000          0.0002
  808.0000          0.8415      4703100.0000      4664605.0000         -0.0001
  812.0000          0.8463      4642402.5000      4561284.5000         -0.0004
  816.0000          0.8511      4676662.5000      4604505.0000          0.0001
  820.0000          0.8560      4596185.0000      4509719.0000          0.0002
  824.0000          0.8608      4585260.0000      4624724.0000         -0.0004
  828.0000          0.8656      4514680.5000      4664513.0000         -0.0000
  832.0000          0.8705      4622576.5000      4688704.0000          0.0010
  836.0000          0.8753      4652739.5000      4695653.0000         -0.0007
  840.0000          0.8802      4700737.5000      4733567.5000          0.0001
  844.0000          0.8850      4678085.0000      4699927.5000          0.0002
  848.0000          0.8898      4722388.5000      4714436.0000         -0.0003
  852.0000          0.8947      4720652.5000      4587945.0000         -0.0006
  856.0000          0.8996      4676268.5000      4565593.5000          0.0014
  860.0000          0.9044      4489430.0000      4577780.0000         -0.0007
  864.0000          0.9093      4592375.0000      4619644.0000         -0.0004
  868.0000          0.9142      4636122.5000      4675559.0000          0.0008
  872.0000          0.9190      4639474.5000      4703494.0000         -0.0009
  876.0000          0.9239      4739146.0000      4753085.5000          0.0002
  880.0000          0.9287      4731097.5000      4736491.0000          0.0001
  884.0000          0.9336      4724174.0000      4593600.0000          0.0001
  888.0000          0.9385      4595953.0000      4577804.0000         -0.0002
  892.0000          0.9433      4571885.0000      4747674.5000          0.0005
  896.0000          0.9482      4761198.5000      4680045.0000          0.0006
  900.0000          0.9531      4703737.5000      4799605.5000         -0.0003
  904.0000          0.9579      4796979.0000      4772109.0000          0.0001
  908.0000          0.9628      4817454.0000      4925850.5000          0.0008
  912.0000          0.9677      4973792.0000      4966227.0000         -0.0003
  916.0000          0.9725      4919023.0000      4900440.0000          0.0000
  920.0000          0.9774      4886697.0000      4886065.5000         -0.0005
  924.0000          0.9822      4902002.5000      4908507.0000          0.0005
  928.0000          0.9871      4969340.5000      4963952.5000          0.0002
  932.0000          0.9920      5033831.0000      5025772.5000          0.0002
  936.0000          0.9968      5056735.5000      5056192.5000         -0.0000
  940.0000          1.0017      5063878.5000      5051105.0000          0.0001
  944.0000          1.0066      5123908.5000      5084510.5000          0.0002
  948.0000          1.0114      5151488.0000      5150049.0000          0.0002
  952.0000          1.0163      5108402.0000      5141437.0000         -0.0002
  956.0000          1.0211      5106282.0000      5103840.0000          0.0001
  960.0000          1.0260      5079857.5000      5112735.0000         -0.0002
  964.0000          1.0300      5075210.0000      5089950.5000         -0.0001
  968.0000          1.0333      5093289.5000      5057005.0000          0.0003
  972.0000          1.0367      5148093.5000      5088235.5000         -0.0004
  976.0000          1.0401      5079464.0000      5138616.5000          0.0001
  980.0000          1.0435      5160484.5000      5129757.0000         -0.0005
  984.0000          1.0469      5149153.5000      5072014.5000          0.0004
  988.0000          1.0504      5239907.0000      5176575.0000          0.0002
  992.0000          1.0538      5176536.5000      5120507.5000          0.0003
  996.0000          1.0569      4995554.5000      5221058.0000          0.0002
 1000.0000          1.0600      5246816.0000      5239547.0000         -0.0002
 1004.0000          1.0632      5351656.5000      5099591.0000         -0.0010
 1008.0000          1.0663      5326733.0000      5015068.5000          0.0000
 1012.0000          1.0698      5357817.0000      5286654.0000          0.0016
 1016.0000          1.0733      5320359.5000      5350076.5000          0.0001
 1020.0000          1.0768      5202099.5000      5338788.0000         -0.0001
 1024.0000          1.0803      5141418.0000      5335131.5000         -0.0001
 1028.0000          1.0838      5232575.0000      5395534.5000         -0.0003
 1032.0000          1.0873      5211523.5000      5227309.0000         -0.0004
 1036.0000          1.0906      5511146.0000      5212102.5000         -0.0003
 1040.0000          1.0939      5302433.5000      5135646.0000          0.0007
 1044.0000          1.0972      4991074.0000      5216717.5000         -0.0005
 1048.0000          1.1006      4964728.0000      5285711.0000          0.0008
 1052.0000          1.1039      4968642.0000      5342468.5000          0.0008
 1056.0000          1.1072      5032712.0000      5501042.5000         -0.0009
 1060.0000          1.1105      4979177.5000      5178005.5000         -0.0014
 1064.0000          1.1138      5272760.5000      5006714.5000         -0.0001
 1068.0000          1.1171      5342109.0000      4968265.5000          0.0002
 1072.0000          1.1203      5411680.5000      4965434.0000         -0.0001
 1076.0000          1.1236      5416463.5000      5010434.5000          0.0003
 1080.0000          1.1269      5492038.0000      5024111.5000         -0.0002
 1084.0000          1.1301      5481425.5000      5142452.0000          0.0018
 1088.0000          1.1334      5456700.0000      5285763.0000         -0.0006
 1092.0000          1.1367      5366977.5000      5358318.5000          0.0012
 1096.0000          1.1400      5361959.0000      5386286.0000         -0.0003
 1100.0000          1.1434      5381115.5000      5435510.5000         -0.0011
 1104.0000          1.1469      5010628.0000      5463014.0000          0.0009
 1108.0000          1.1503      4892915.0000      5469061.5000         -0.0006
 1112.0000          1.1537      4794831.5000      5502838.5000          0.0012
 1116.0000          1.1571      4761886.5000      5448758.5000         -0.0008
 1120.0000          1.1605      4954051.0000      5374072.5000         -0.0003
 1124.0000          1.1638      5043973.0000      5374541.0000          0.0008
 1128.0000          1.1672      5083051.0000      5388550.0000         -0.0014
 1132.0000          1.1706      5145522.0000      5201666.5000         -0.0006
 1136.0000          1.1740      5044949.5000      5023614.5000         -0.0004
 1140.0000          1.1774      5154341.0000      4787986.5000         -0.0004
 1144.0000          1.1807      5060052.5000      4847108.5000          0.0002
 1148.0000          1.1841      5289953.0000      4752983.5000         -0.0004
 1152.0000          1.1875      5137610.0000      4944736.5000          0.0021
 1156.0000          1.1909      4938219.5000      5049750.0000         -0.0004
 1160.0000          1.1943      4889046.0000      5008085.5000         -0.0003
 1164.0000          1.1976      4701257.0000      5263645.5000          0.0005
 1168.0000          1.2010      4544662.0000      5003732.0000         -0.0017
 1172.0000          1.2043      4683876.5000      5153022.0000          0.0016
 1176.0000          1.2077      4736539.5000      5117333.0000         -0.0007
 1180.0000          1.2111      4583722.5000      5050445.5000          0.0008
 1184.0000          1.2144      4630560.0000      5252224.5000          0.0010
 1188.0000          1.2178      4590803.5000      5306380.5000         -0.0016
 1192.0000       -999.2500      4507183.5000      4958004.0000         -0.0007
 1196.0000       -999.2500      4414591.5000      4966517.5000          0.0005
 1200.0000       -999.2500      4305977.5000      4729219.5000         -0.0011
 1204.0000       -999.2500      4419632.0000      4666062.0000         -0.0011
 1208.0000       -999.2500      4296526.0000      4571762.0000          0.0007
 1212.0000       -999.2500      4201718.0000      4699512.0000          0.0001
 1216.0000       -999.2500      4313323.5000      4749017.0000          0.0003
 1220.0000       -999.2500      4636097.0000      4582489.0000         -0.0006
 1224.0000       -999.2500      4697672.5000      4647733.5000         -0.0004
 1228.0000       -999.2500      4683432.5000      4600518.0000          0.0000
 1232.0000       -999.2500      4350086.0000      4498391.0000          0.0001
 1236.0000       -999.2500      4342985.0000      4454978.0000         -0.0006
 1240.0000       -999.2500      4325935.0000      4313726.5000         -0.0002
 1244.0000       -999.2500      4209455.0000      4359338.0000          0.0013
 1248.0000       -999.2500      4259329.5000      4370152.0000         -0.0012
 1252.0000       -999.2500      4257197.0000      4288447.5000         -0.0011
 1256.0000       -999.2500      4322634.5000      4223515.0000          0.0012
 1260.0000       -999.2500      4378225.0000      4448698.0000          0.0024
 1264.0000       -999.2500      4416077.0000      4855312.5000         -0.0016
 1268.0000       -999.2500      4397343.5000      4559466.5000          0.0001
 1272.0000       -999.2500      4568726.0000      4588162.0000         -0.0009
 1276.0000       -999.2500      4306484.0000      4344338.5000          0.0002
 1280.0000       -999.2500      4356547.0000      4359085.0000          0.0000
 1284.0000       -999.2500      4378530.0000      4263054.5000         -0.0002
 1288.0000       -999.2500      4309381.5000      4227604.0000         -0.0004
 1292.0000       -999.2500      4431245.5000      4278848.5000         -0.0009
 1296.0000       -999.2500      4381459.5000      4272246.5000          0.0010
 1300.0000       -999.2500      4206781.0000      4341935.0000          0.0003
 1304.0000       -999.2500      4260337.0000      4381534.5000         -0.0003
 1308.0000       -999.2500      4148161.0000      4401158.5000          0.0003
 1312.0000       -999.2500      4168178.5000      4431353.5000          0.0021
 1316.0000       -999.2500      4180181.2500      4582725.5000         -0.0020
 1320.0000       -999.2500      4131728.7500      4300262.5000         -0.0003
 1324.0000       -999.2500      4285330.5000      4368513.0000          0.0010
 1328.0000       -999.2500      4542322.5000      4372663.0000         -0.0012
 1332.0000       -999.2500      4542624.0000      4309774.0000          0.0011
 1336.0000       -999.2500      4629375.5000      4440289.0000         -0.0007
 1340.0000       -999.2500      4404763.0000      4378309.5000          0.0002
 1344.0000       -999.2500      4781388.0000      4218471.0000         -0.0004
 1348.0000       -999.2500      4663797.0000      4280079.0000         -0.0010
 1352.0000       -999.2500      4784511.5000      4158374.0000         -0.0004
 1356.0000       -999.2500      4389736.5000      4140381.5000          0.0016
 1360.0000       -999.2500      4689515.0000      4190935.0000         -0.0006
 1364.0000       -999.2500      4471782.0000      4169270.7500         -0.0018
 1368.0000       -999.2500      4284648.0000      4260712.0000          0.0017
 1372.0000       -999.2500      4225222.0000      4498024.5000          0.0022
 1376.0000       -999.2500      4230417.0000      4571927.5000         -0.0008
 1380.0000       -999.2500      4200712.0000      4601197.5000         -0.0002
 1384.0000       -999.2500      4226180.5000      4463102.0000          0.0004
 1388.0000       -999.2500      4143728.5000      4680592.5000          0.0008
 1392.0000       -999.2500      4165623.5000      4763499.5000         -0.0002
 1396.0000       -999.2500      4179004.7500      4617119.5000          0.0008
 1400.0000       -999.2500      4183844.0000      4690769.5000         -0.0024
 1404.0000       -999.2500      4014469.2500      4557199.0000          0.0009
 1408.0000       -999.2500      4022770.2500      4648151.5000         -0.0008
 1412.0000       -999.2500      4124032.5000      4396448.0000          0.0003
 1416.0000       -999.2500      4123925.5000      4261214.5000         -0.0004
 1420.0000       -999.2500      4113999.0000      4227538.5000         -0.0006
 1424.0000       -999.2500      4216099.5000      4229015.0000          0.0000
 1428.0000       -999.2500      4209265.5000      4207818.5000          0.0007
 1432.0000       -999.2500      4226224.0000      4165240.7500         -0.0019
 1436.0000       -999.2500      4398975.5000      4178234.0000          0.0014
 1440.0000       -999.2500      4478573.5000      4161405.0000         -0.0002
 1444.0000       -999.2500      4385027.0000      4192220.2500         -0.0001
 1448.0000       -999.2500      4408806.0000      4166635.0000         -0.0008
 1452.0000       -999.2500      4478484.0000      3985426.2500          0.0004
 1456.0000       -999.2500      4359776.0000      4058583.2500         -0.0002
 1460.0000       -999.2500      4541038.0000      4128806.5000          0.0003
 1464.0000       -999.2500      4509288.0000      4124315.5000         -0.0004
 1468.0000       -999.2500      4331643.5000      4130414.2500          0.0008
 1472.0000       -999.2500      4273754.5000      4236355.5000         -0.0003
 1476.0000       -999.2500      4271737.0000      4171416.0000          0.0011
 1480.0000       -999.2500      4262998.0000      4299071.0000         -0.0002
 1484.0000       -999.2500      4536493.5000      4426656.5000          0.0002
 1488.0000       -999.2500      4395291.5000      4475002.5000         -0.0001
 1492.0000       -999.2500      4437030.0000      4377140.5000          0.0000
 1496.0000       -999.2500      4190872.0000      4417047.0000          0.0002
 1500.0000       -999.2500      4312732.0000      4501070.5000          0.0011
 1504.0000       -999.2500      4195032.5000      4350858.5000         -0.0006
 1508.0000       -999.2500      4450991.0000      4540725.0000          0.0000
 1512.0000       -999.2500      4437256.5000      4517255.5000         -0.0004
 1516.0000       -999.2500      4456863.5000      4346601.5000         -0.0007
 1520.0000       -999.2500      4508222.0000      4268746.0000          0.0001
 1524.0000       -999.2500      4489358.0000      4274636.5000         -0.0000
 1528.0000       -999.2500      4473168.0000      4261845.0000         -0.0000
 1532.0000       -999.2500      4669601.5000      4549201.0000          0.0005
 1536.0000       -999.2500      5415902.5000      4384115.0000         -0.0001
 1540.0000       -999.2500      8361173.0000      4440683.0000          0.0002
 1544.0000       -999.2500      9473323.0000      4260072.5000         -0.0003
 1548.0000       -999.2500      9306304.0000      4257484.0000          0.0003
 1552.0000       -999.2500      9367678.0000      4257745.5000         -0.0008
 1556.0000       -999.2500      6737735.5000      4365947.5000          0.0019
 1560.0000       -999.2500      6402919.5000      4430043.5000         -0.0011
 1564.0000       -999.2500      6465612.5000      4427951.5000          0.0008
 1568.0000       -999.2500      5922429.0000      4527255.0000         -0.0007
 1572.0000       -999.2500      6229585.0000      4505961.0000          0.0002
 1576.0000       -999.2500      5664194.5000      4496413.5000          0.0000
 1580.0000       -999.2500      5804066.5000      4532810.5000          0.0007
 1584.0000       -999.2500      6212877.5000      4808973.5000          0.0008
 1588.0000       -999.2500      5992737.5000      5709896.5000          0.0051
 1592.0000       -999.2500      5610520.5000      7988698.5000          0.0065
 1596.0000       -999.2500      5606884.0000      9714042.0000          0.0007
 1600.0000       -999.2500       -999.2500      9850839.0000         -0.0002
 1604.0000       -999.2500       -999.2500      8954805.0000         -0.0018
 1608.0000       -999.2500       -999.2500      9226667.0000          0.0026
 1612.0000       -999.2500       -999.2500      10044782.0000          0.0000
 1616.0000       -999.2500       -999.2500      9339745.0000         -0.0032
 1620.0000       -999.2500       -999.2500      7280800.0000         -0.0040
 1624.0000       -999.2500       -999.2500      6343976.5000          0.0005
 1628.0000       -999.2500       -999.2500      6454076.5000          0.0009
 1632.0000       -999.2500       -999.2500      6716911.0000         -0.0045
 1636.0000       -999.2500       -999.2500      6057960.5000          0.0009
 1640.0000       -999.2500       -999.2500      5930850.5000          0.0007
 1644.0000       -999.2500       -999.2500      6391917.5000         -0.0027
 1648.0000       -999.2500       -999.2500      5654592.0000          0.0010
 1652.0000       -999.2500       -999.2500      5951425.0000          0.0000
 1656.0000       -999.2500       -999.2500      5903035.5000          0.0013
 1660.0000       -999.2500       -999.2500      6233832.5000         -0.0020
 1664.0000       -999.2500       -999.2500      6181888.0000          0.0001
 1668.0000       -999.2500       -999.2500      5532901.5000          0.0006
